app-20190401203500-1549 164223
52537 1 2 6967599 33333 22222 2019040120350015491
52768 1 2 6968546 33333 22222 2019040120350015491
52853 1 2 6986333 33333 22222 2019040120350015491
52984 1 2 7003943 33333 22222 2019040120350015491
61328 1 2 6995049 33333 22222 2019040120350015491
61484 1 2 6987971 33333 22222 2019040120350015491
63956 1 2 6983818 33333 22222 2019040120350015491
64043 1 2 6995033 33333 22222 2019040120350015491
69725 1 2 6990487 33333 22222 2019040120350015491
69787 1 2 6996356 33333 22222 2019040120350015491
73668 1 2 6975953 33333 22222 2019040120350015491
73740 1 2 6989703 33333 22222 2019040120350015491
76416 1 2 1639437 33333 22222 2019040120350015492
76733 1 2 3041629 33333 22222 2019040120350015492
76790 1 2 2578477 33333 22222 2019040120350015492
76817 1 2 2033399 33333 22222 2019040120350015492
79871 1 2 2277675 33333 22222 2019040120350015492
80163 1 2 2750855 33333 22222 2019040120350015492
80583 1 2 2881837 33333 22222 2019040120350015492
81199 1 2 2992983 33333 22222 2019040120350015492
82859 1 2 3147601 33333 22222 2019040120350015492
83753 1 2 2893572 33333 22222 2019040120350015492
84379 1 2 2750111 33333 22222 2019040120350015492
85212 1 2 2208173 33333 22222 2019040120350015492
87397 1 2 1562225 33333 22222 2019040120350015492
87831 1 2 1633769 33333 22222 2019040120350015492
88645 1 2 1972458 33333 22222 2019040120350015492
89134 1 2 2881819 33333 22222 2019040120350015492
90091 1 2 3106974 33333 22222 2019040120350015492
90582 1 2 3235044 33333 22222 2019040120350015492
91801 1 2 3142753 33333 22222 2019040120350015492
94872 1 2 2207264 33333 22222 2019040120350015492
95664 1 2 1585642 33333 22222 2019040120350015492
96359 1 2 1579182 33333 22222 2019040120350015492
97161 1 2 1839263 33333 22222 2019040120350015492
98639 1 2 2599627 33333 22222 2019040120350015492
98708 1 2 2871461 33333 22222 2019040120350015492
98770 1 2 3010787 33333 22222 2019040120350015492
99640 1 2 3237462 33333 22222 2019040120350015492
105850 1 2 1244314 33333 22222 2019040120350015493
105867 1 2 1773634 33333 22222 2019040120350015493
105904 1 2 1009101 33333 22222 2019040120350015493
105916 1 2 1543211 33333 22222 2019040120350015493
107554 1 2 1271002 33333 22222 2019040120350015493
108214 1 2 1513940 33333 22222 2019040120350015493
108583 1 2 1589812 33333 22222 2019040120350015493
108902 1 2 1651014 33333 22222 2019040120350015493
109838 1 2 1815495 33333 22222 2019040120350015493
110583 1 2 1701946 33333 22222 2019040120350015493
111302 1 2 1633622 33333 22222 2019040120350015493
111519 1 2 1349662 33333 22222 2019040120350015493
112650 1 2 941425 33333 22222 2019040120350015493
113428 1 2 963666 33333 22222 2019040120350015493
113660 1 2 1126599 33333 22222 2019040120350015493
113769 1 2 1600550 33333 22222 2019040120350015493
114385 1 2 1716030 33333 22222 2019040120350015493
115120 1 2 1803325 33333 22222 2019040120350015493
115642 1 2 1811080 33333 22222 2019040120350015493
116477 1 2 1340518 33333 22222 2019040120350015493
117010 1 2 958181 33333 22222 2019040120350015493
117882 1 2 935960 33333 22222 2019040120350015493
118342 1 2 1050753 33333 22222 2019040120350015493
118646 1 2 1438921 33333 22222 2019040120350015493
118710 1 2 1585743 33333 22222 2019040120350015493
119443 1 2 1660798 33333 22222 2019040120350015493
120131 1 2 1800887 33333 22222 2019040120350015493
122755 1 2 2493384 33333 22222 2019040120350015494
122926 1 2 2865541 33333 22222 2019040120350015494
122970 1 2 1605520 33333 22222 2019040120350015494
122988 1 2 1996947 33333 22222 2019040120350015494
124431 1 2 2035000 33333 22222 2019040120350015494
124989 1 2 2428108 33333 22222 2019040120350015494
125137 1 2 2546731 33333 22222 2019040120350015494
125465 1 2 2649323 33333 22222 2019040120350015494
126413 1 2 2937851 33333 22222 2019040120350015494
127191 1 2 2758061 33333 22222 2019040120350015494
127743 1 2 2638047 33333 22222 2019040120350015494
128088 1 2 2174673 33333 22222 2019040120350015494
129035 1 2 1496804 33333 22222 2019040120350015494
129633 1 2 1535521 33333 22222 2019040120350015494
130040 1 2 1794455 33333 22222 2019040120350015494
130373 1 2 2567099 33333 22222 2019040120350015494
130577 1 2 2757694 33333 22222 2019040120350015494
131120 1 2 2905966 33333 22222 2019040120350015494
131852 1 2 2930391 33333 22222 2019040120350015494
132708 1 2 2159662 33333 22222 2019040120350015494
133524 1 2 1524811 33333 22222 2019040120350015494
133832 1 2 1488733 33333 22222 2019040120350015494
134305 1 2 1675927 33333 22222 2019040120350015494
134975 1 2 2309273 33333 22222 2019040120350015494
135024 1 2 2545556 33333 22222 2019040120350015494
135179 1 2 2666867 33333 22222 2019040120350015494
136140 1 2 2906196 33333 22222 2019040120350015494
138934 1 2 1997912 33333 22222 2019040120350015495
138958 1 2 1605867 33333 22222 2019040120350015495
138977 1 2 2866799 33333 22222 2019040120350015495
139016 1 2 2494089 33333 22222 2019040120350015495
140589 1 2 2651052 33333 22222 2019040120350015495
140708 1 2 2306319 33333 22222 2019040120350015495
140732 1 2 2428583 33333 22222 2019040120350015495
140755 1 2 2547579 33333 22222 2019040120350015495
141973 1 2 2759205 33333 22222 2019040120350015495
142021 1 2 2860771 33333 22222 2019040120350015495
142089 1 2 2639762 33333 22222 2019040120350015495
142156 1 2 2494056 33333 22222 2019040120350015495
143465 1 2 1536401 33333 22222 2019040120350015495
143502 1 2 1493515 33333 22222 2019040120350015495
143518 1 2 1589779 33333 22222 2019040120350015495
143555 1 2 1687682 33333 22222 2019040120350015495
146273 1 2 2907160 33333 22222 2019040120350015495
146404 1 2 2843799 33333 22222 2019040120350015495
146465 1 2 2759201 33333 22222 2019040120350015495
146495 1 2 2959854 33333 22222 2019040120350015495
148305 1 2 2330686 33333 22222 2019040120350015495
148477 1 2 2160378 33333 22222 2019040120350015495
148553 1 2 1846432 33333 22222 2019040120350015495
148589 1 2 2001349 33333 22222 2019040120350015495
149692 1 2 1676714 33333 22222 2019040120350015495
149823 1 2 1913337 33333 22222 2019040120350015495
149860 1 2 2173769 33333 22222 2019040120350015495
149912 1 2 1778917 33333 22222 2019040120350015495
150702 1 2 2971395 33333 22222 2019040120350015495
150771 1 2 3000677 33333 22222 2019040120350015495
150857 1 2 2980533 33333 22222 2019040120350015495
150899 1 2 2927657 33333 22222 2019040120350015495
52425 1 3 6980358 33333 22222 2019040120350015491
52533 1 3 6977048 33333 22222 2019040120350015491
52630 1 3 6976647 33333 22222 2019040120350015491
52718 1 3 7000380 33333 22222 2019040120350015491
60271 1 3 6981396 33333 22222 2019040120350015491
60434 1 3 6985526 33333 22222 2019040120350015491
60519 1 3 6989920 33333 22222 2019040120350015491
60595 1 3 6995085 33333 22222 2019040120350015491
67334 1 3 6990617 33333 22222 2019040120350015491
67422 1 3 6979540 33333 22222 2019040120350015491
67484 1 3 6983422 33333 22222 2019040120350015491
67544 1 3 6975336 33333 22222 2019040120350015491
76391 1 3 1869497 33333 22222 2019040120350015492
76474 1 3 2379058 33333 22222 2019040120350015492
76502 1 3 2900369 33333 22222 2019040120350015492
76528 1 3 1582401 33333 22222 2019040120350015492
79227 1 3 1628159 33333 22222 2019040120350015492
79333 1 3 1721694 33333 22222 2019040120350015492
79660 1 3 1967322 33333 22222 2019040120350015492
80148 1 3 2602357 33333 22222 2019040120350015492
81301 1 3 3193970 33333 22222 2019040120350015492
82042 1 3 3274606 33333 22222 2019040120350015492
82248 1 3 3298515 33333 22222 2019040120350015492
83523 1 3 3041688 33333 22222 2019040120350015492
85921 1 3 2028815 33333 22222 2019040120350015492
87294 1 3 1636866 33333 22222 2019040120350015492
87316 1 3 1581439 33333 22222 2019040120350015492
87514 1 3 1583776 33333 22222 2019040120350015492
88155 1 3 1718774 33333 22222 2019040120350015492
89016 1 3 2280621 33333 22222 2019040120350015492
89142 1 3 2447980 33333 22222 2019040120350015492
89361 1 3 2987720 33333 22222 2019040120350015492
90365 1 3 3180349 33333 22222 2019040120350015492
91584 1 3 3267107 33333 22222 2019040120350015492
91706 1 3 3231262 33333 22222 2019040120350015492
92625 1 3 2741372 33333 22222 2019040120350015492
93871 1 3 2566249 33333 22222 2019040120350015492
95101 1 3 1871912 33333 22222 2019040120350015492
95198 1 3 1740086 33333 22222 2019040120350015492
95882 1 3 1558719 33333 22222 2019040120350015492
96993 1 3 1630770 33333 22222 2019040120350015492
97316 1 3 2286327 33333 22222 2019040120350015492
98649 1 3 2449883 33333 22222 2019040120350015492
98683 1 3 2751921 33333 22222 2019040120350015492
98769 1 3 3181085 33333 22222 2019040120350015492
100951 1 3 3221567 33333 22222 2019040120350015492
101142 1 3 3135999 33333 22222 2019040120350015492
105840 1 3 1706401 33333 22222 2019040120350015493
105882 1 3 958127 33333 22222 2019040120350015493
105896 1 3 1150321 33333 22222 2019040120350015493
105918 1 3 1439473 33333 22222 2019040120350015493
107155 1 3 951418 33333 22222 2019040120350015493
107626 1 3 993723 33333 22222 2019040120350015493
107931 1 3 1119187 33333 22222 2019040120350015493
108241 1 3 1435802 33333 22222 2019040120350015493
108509 1 3 1763008 33333 22222 2019040120350015493
108988 1 3 1814762 33333 22222 2019040120350015493
109456 1 3 1846367 33333 22222 2019040120350015493
110196 1 3 1768098 33333 22222 2019040120350015493
110675 1 3 1248541 33333 22222 2019040120350015493
111368 1 3 1013382 33333 22222 2019040120350015493
111721 1 3 965531 33333 22222 2019040120350015493
112360 1 3 939181 33333 22222 2019040120350015493
112426 1 3 998404 33333 22222 2019040120350015493
112621 1 3 1289094 33333 22222 2019040120350015493
113027 1 3 1367274 33333 22222 2019040120350015493
113614 1 3 1656840 33333 22222 2019040120350015493
113673 1 3 1766583 33333 22222 2019040120350015493
114382 1 3 1853610 33333 22222 2019040120350015493
115071 1 3 1848072 33333 22222 2019040120350015493
115704 1 3 1629562 33333 22222 2019040120350015493
115973 1 3 1538584 33333 22222 2019040120350015493
116861 1 3 1151228 33333 22222 2019040120350015493
117249 1 3 1070456 33333 22222 2019040120350015493
117915 1 3 932141 33333 22222 2019040120350015493
118008 1 3 949648 33333 22222 2019040120350015493
118421 1 3 1274516 33333 22222 2019040120350015493
118740 1 3 1354523 33333 22222 2019040120350015493
119034 1 3 1517591 33333 22222 2019040120350015493
119441 1 3 1760393 33333 22222 2019040120350015493
120120 1 3 1836162 33333 22222 2019040120350015493
120584 1 3 1808236 33333 22222 2019040120350015493
122756 1 3 1842196 33333 22222 2019040120350015494
122850 1 3 1524968 33333 22222 2019040120350015494
122953 1 3 2762288 33333 22222 2019040120350015494
123018 1 3 2320343 33333 22222 2019040120350015494
124076 1 3 1515692 33333 22222 2019040120350015494
124279 1 3 1583538 33333 22222 2019040120350015494
124723 1 3 1790575 33333 22222 2019040120350015494
124898 1 3 2305292 33333 22222 2019040120350015494
125409 1 3 2838389 33333 22222 2019040120350015494
125727 1 3 2931652 33333 22222 2019040120350015494
126168 1 3 2980403 33333 22222 2019040120350015494
126824 1 3 2859367 33333 22222 2019040120350015494
127541 1 3 2005536 33333 22222 2019040120350015494
128044 1 3 1609284 33333 22222 2019040120350015494
128543 1 3 1535349 33333 22222 2019040120350015494
128849 1 3 1492626 33333 22222 2019040120350015494
129294 1 3 1589159 33333 22222 2019040120350015494
129400 1 3 2061010 33333 22222 2019040120350015494
129849 1 3 2188684 33333 22222 2019040120350015494
130089 1 3 2658599 33333 22222 2019040120350015494
130556 1 3 2842259 33333 22222 2019040120350015494
131057 1 3 2995883 33333 22222 2019040120350015494
131533 1 3 2989145 33333 22222 2019040120350015494
132285 1 3 2633597 33333 22222 2019040120350015494
132739 1 3 2486920 33333 22222 2019040120350015494
133239 1 3 1845831 33333 22222 2019040120350015494
134018 1 3 1709740 33333 22222 2019040120350015494
134206 1 3 1484642 33333 22222 2019040120350015494
134562 1 3 1516804 33333 22222 2019040120350015494
134981 1 3 2043694 33333 22222 2019040120350015494
135266 1 3 2173486 33333 22222 2019040120350015494
135400 1 3 2433320 33333 22222 2019040120350015494
135760 1 3 2834196 33333 22222 2019040120350015494
136749 1 3 2970084 33333 22222 2019040120350015494
136956 1 3 2926208 33333 22222 2019040120350015494
138908 1 3 1525268 33333 22222 2019040120350015495
139030 1 3 2321270 33333 22222 2019040120350015495
139130 1 3 2763459 33333 22222 2019040120350015495
139150 1 3 1842950 33333 22222 2019040120350015495
140467 1 3 1910897 33333 22222 2019040120350015495
140491 1 3 1791332 33333 22222 2019040120350015495
140517 1 3 2036008 33333 22222 2019040120350015495
140555 1 3 2183150 33333 22222 2019040120350015495
141673 1 3 2981776 33333 22222 2019040120350015495
141713 1 3 2982129 33333 22222 2019040120350015495
141763 1 3 2964358 33333 22222 2019040120350015495
141825 1 3 2938532 33333 22222 2019040120350015495
143018 1 3 1610215 33333 22222 2019040120350015495
143044 1 3 1721167 33333 22222 2019040120350015495
143065 1 3 1535854 33333 22222 2019040120350015495
143142 1 3 1497477 33333 22222 2019040120350015495
145639 1 3 2061911 33333 22222 2019040120350015495
145671 1 3 2445798 33333 22222 2019040120350015495
145698 1 3 1794888 33333 22222 2019040120350015495
145722 1 3 2311308 33333 22222 2019040120350015495
147220 1 3 2996685 33333 22222 2019040120350015495
147249 1 3 2852180 33333 22222 2019040120350015495
147277 1 3 2932638 33333 22222 2019040120350015495
147381 1 3 2634681 33333 22222 2019040120350015495
149417 1 3 1516944 33333 22222 2019040120350015495
149446 1 3 1489632 33333 22222 2019040120350015495
149474 1 3 1485399 33333 22222 2019040120350015495
149494 1 3 1589126 33333 22222 2019040120350015495
150286 1 3 2667554 33333 22222 2019040120350015495
150314 1 3 2907813 33333 22222 2019040120350015495
150356 1 3 2752126 33333 22222 2019040120350015495
150396 1 3 2834994 33333 22222 2019040120350015495
52460 2 1 7014775 33333 22222 2019040120350015491
52581 2 1 7017486 33333 22222 2019040120350015491
52723 2 1 7023343 33333 22222 2019040120350015491
52923 2 1 7043926 33333 22222 2019040120350015491
60268 2 1 7024199 33333 22222 2019040120350015491
60424 2 1 7039708 33333 22222 2019040120350015491
60500 2 1 7034038 33333 22222 2019040120350015491
60574 2 1 7038606 33333 22222 2019040120350015491
68511 2 1 7039804 33333 22222 2019040120350015491
68665 2 1 7023444 33333 22222 2019040120350015491
68776 2 1 7037980 33333 22222 2019040120350015491
69103 2 1 7034087 33333 22222 2019040120350015491
76434 2 1 1741155 33333 22222 2019040120350015492
76653 2 1 1564810 33333 22222 2019040120350015492
76862 2 1 2205772 33333 22222 2019040120350015492
76890 2 1 2745960 33333 22222 2019040120350015492
79250 2 1 1574520 33333 22222 2019040120350015492
79305 2 1 1826776 33333 22222 2019040120350015492
79736 2 1 2120746 33333 22222 2019040120350015492
79964 2 1 2445115 33333 22222 2019040120350015492
81244 2 1 3104929 33333 22222 2019040120350015492
81453 2 1 3235793 33333 22222 2019040120350015492
82327 2 1 3262794 33333 22222 2019040120350015492
82769 2 1 3222503 33333 22222 2019040120350015492
84692 2 1 2568936 33333 22222 2019040120350015492
85022 2 1 2395164 33333 22222 2019040120350015492
86247 2 1 1879446 33333 22222 2019040120350015492
86306 2 1 1736958 33333 22222 2019040120350015492
88532 2 1 1836448 33333 22222 2019040120350015492
88706 2 1 2121368 33333 22222 2019040120350015492
89126 2 1 2598924 33333 22222 2019040120350015492
89153 2 1 2756046 33333 22222 2019040120350015492
90864 2 1 3271818 33333 22222 2019040120350015492
91383 2 1 3276624 33333 22222 2019040120350015492
92132 2 1 3044709 33333 22222 2019040120350015492
92466 2 1 2895509 33333 22222 2019040120350015492
94638 2 1 2396102 33333 22222 2019040120350015492
94889 2 1 2030012 33333 22222 2019040120350015492
95595 2 1 1655853 33333 22222 2019040120350015492
97148 2 1 1717985 33333 22222 2019040120350015492
97303 2 1 1966846 33333 22222 2019040120350015492
97324 2 1 2130179 33333 22222 2019040120350015492
98778 2 1 3104442 33333 22222 2019040120350015492
100204 2 1 3274244 33333 22222 2019040120350015492
100748 2 1 3280098 33333 22222 2019040120350015492
100822 2 1 3290450 33333 22222 2019040120350015492
105873 2 1 861356 33333 22222 2019040120350015493
105928 2 1 1304136 33333 22222 2019040120350015493
105953 2 1 746730 33333 22222 2019040120350015493
105966 2 1 1077591 33333 22222 2019040120350015493
107343 2 1 750258 33333 22222 2019040120350015493
107448 2 1 840521 33333 22222 2019040120350015493
107796 2 1 956205 33333 22222 2019040120350015493
108409 2 1 1087875 33333 22222 2019040120350015493
108908 2 1 1369975 33333 22222 2019040120350015493
109012 2 1 1439863 33333 22222 2019040120350015493
109714 2 1 1484019 33333 22222 2019040120350015493
110418 2 1 1471197 33333 22222 2019040120350015493
111184 2 1 1233787 33333 22222 2019040120350015493
111442 2 1 1155086 33333 22222 2019040120350015493
112276 2 1 930324 33333 22222 2019040120350015493
112742 2 1 863698 33333 22222 2019040120350015493
113173 2 1 846239 33333 22222 2019040120350015493
113403 2 1 962355 33333 22222 2019040120350015493
113957 2 1 1161673 33333 22222 2019040120350015493
114153 2 1 1223499 33333 22222 2019040120350015493
114654 2 1 1471947 33333 22222 2019040120350015493
115281 2 1 1476462 33333 22222 2019040120350015493
115843 2 1 1419131 33333 22222 2019040120350015493
116270 2 1 1371206 33333 22222 2019040120350015493
117015 2 1 1163344 33333 22222 2019040120350015493
117545 2 1 995670 33333 22222 2019040120350015493
118117 2 1 808476 33333 22222 2019040120350015493
118357 2 1 797729 33333 22222 2019040120350015493
118818 2 1 897658 33333 22222 2019040120350015493
119139 2 1 963382 33333 22222 2019040120350015493
119522 2 1 1373361 33333 22222 2019040120350015493
119680 2 1 1463481 33333 22222 2019040120350015493
120314 2 1 1473370 33333 22222 2019040120350015493
120737 2 1 1483705 33333 22222 2019040120350015493
122800 2 1 2107270 33333 22222 2019040120350015494
122839 2 1 1372511 33333 22222 2019040120350015494
122861 2 1 1189195 33333 22222 2019040120350015494
122875 2 1 1737119 33333 22222 2019040120350015494
124061 2 1 1197425 33333 22222 2019040120350015494
124160 2 1 1340303 33333 22222 2019040120350015494
124574 2 1 1528435 33333 22222 2019040120350015494
124827 2 1 1744243 33333 22222 2019040120350015494
125559 2 1 2201996 33333 22222 2019040120350015494
125686 2 1 2322134 33333 22222 2019040120350015494
126262 2 1 2399330 33333 22222 2019040120350015494
126587 2 1 2381947 33333 22222 2019040120350015494
127568 2 1 1993901 33333 22222 2019040120350015494
128058 2 1 1863931 33333 22222 2019040120350015494
128463 2 1 1491518 33333 22222 2019040120350015494
128797 2 1 1376894 33333 22222 2019040120350015494
129441 2 1 1347827 33333 22222 2019040120350015494
129934 2 1 1534308 33333 22222 2019040120350015494
130069 2 1 1860357 33333 22222 2019040120350015494
130196 2 1 1959234 33333 22222 2019040120350015494
130774 2 1 2374657 33333 22222 2019040120350015494
131457 2 1 2384332 33333 22222 2019040120350015494
131930 2 1 2294199 33333 22222 2019040120350015494
132184 2 1 2213793 33333 22222 2019040120350015494
132976 2 1 1876496 33333 22222 2019040120350015494
133705 2 1 1599004 33333 22222 2019040120350015494
134171 2 1 1288591 33333 22222 2019040120350015494
134369 2 1 1272192 33333 22222 2019040120350015494
134676 2 1 1433575 33333 22222 2019040120350015494
135320 2 1 1539735 33333 22222 2019040120350015494
135357 2 1 2204312 33333 22222 2019040120350015494
135699 2 1 2364592 33333 22222 2019040120350015494
136275 2 1 2380114 33333 22222 2019040120350015494
136789 2 1 2399357 33333 22222 2019040120350015494
138957 2 1 1189335 33333 22222 2019040120350015495
139054 2 1 2107720 33333 22222 2019040120350015495
139107 2 1 1372590 33333 22222 2019040120350015495
139123 2 1 1737422 33333 22222 2019040120350015495
140182 2 1 1197583 33333 22222 2019040120350015495
140338 2 1 1221609 33333 22222 2019040120350015495
140369 2 1 1274043 33333 22222 2019040120350015495
140381 2 1 1340765 33333 22222 2019040120350015495
141422 2 1 2202328 33333 22222 2019040120350015495
141527 2 1 2263308 33333 22222 2019040120350015495
141573 2 1 2361956 33333 22222 2019040120350015495
141599 2 1 2323555 33333 22222 2019040120350015495
142923 2 1 1864141 33333 22222 2019040120350015495
142967 2 1 1741917 33333 22222 2019040120350015495
142988 2 1 1492245 33333 22222 2019040120350015495
143009 2 1 1598057 33333 22222 2019040120350015495
145652 2 1 1749984 33333 22222 2019040120350015495
145699 2 1 2135817 33333 22222 2019040120350015495
145726 2 1 2055111 33333 22222 2019040120350015495
145749 2 1 1534849 33333 22222 2019040120350015495
147237 2 1 2395298 33333 22222 2019040120350015495
147268 2 1 2214331 33333 22222 2019040120350015495
147286 2 1 2385082 33333 22222 2019040120350015495
147422 2 1 1992588 33333 22222 2019040120350015495
149299 2 1 1370919 33333 22222 2019040120350015495
149459 2 1 1289280 33333 22222 2019040120350015495
149502 2 1 1225038 33333 22222 2019040120350015495
149855 2 1 1644431 33333 22222 2019040120350015495
150118 2 1 1846015 33333 22222 2019040120350015495
150313 2 1 1948525 33333 22222 2019040120350015495
150357 2 1 2046894 33333 22222 2019040120350015495
150730 2 1 2365454 33333 22222 2019040120350015495
52467 2 3 7023557 33333 22222 2019040120350015491
52726 2 3 7033026 33333 22222 2019040120350015491
52842 2 3 7039046 33333 22222 2019040120350015491
52945 2 3 7032359 33333 22222 2019040120350015491
60253 2 3 7035465 33333 22222 2019040120350015491
60381 2 3 7046179 33333 22222 2019040120350015491
60955 2 3 7027309 33333 22222 2019040120350015491
61022 2 3 7011106 33333 22222 2019040120350015491
68425 2 3 7020643 33333 22222 2019040120350015491
68488 2 3 7042942 33333 22222 2019040120350015491
68581 2 3 7032104 33333 22222 2019040120350015491
68681 2 3 7021044 33333 22222 2019040120350015491
76429 2 3 2381603 33333 22222 2019040120350015492
76671 2 3 2895209 33333 22222 2019040120350015492
76702 2 3 1869288 33333 22222 2019040120350015492
76724 2 3 1573577 33333 22222 2019040120350015492
79261 2 3 1629642 33333 22222 2019040120350015492
79289 2 3 1718301 33333 22222 2019040120350015492
79695 2 3 1971067 33333 22222 2019040120350015492
80182 2 3 2595106 33333 22222 2019040120350015492
81335 2 3 3173291 33333 22222 2019040120350015492
81956 2 3 3279456 33333 22222 2019040120350015492
82282 2 3 3291314 33333 22222 2019040120350015492
83558 2 3 3034258 33333 22222 2019040120350015492
85917 2 3 2027144 33333 22222 2019040120350015492
86595 2 3 1644213 33333 22222 2019040120350015492
87126 2 3 1588618 33333 22222 2019040120350015492
87549 2 3 1581247 33333 22222 2019040120350015492
88400 2 3 1721353 33333 22222 2019040120350015492
89050 2 3 2280688 33333 22222 2019040120350015492
89077 2 3 2445647 33333 22222 2019040120350015492
89374 2 3 2999982 33333 22222 2019040120350015492
90408 2 3 3179781 33333 22222 2019040120350015492
91739 2 3 3268985 33333 22222 2019040120350015492
91769 2 3 3230373 33333 22222 2019040120350015492
92659 2 3 2747263 33333 22222 2019040120350015492
94619 2 3 2581471 33333 22222 2019040120350015492
95138 2 3 1881217 33333 22222 2019040120350015492
95234 2 3 1735878 33333 22222 2019040120350015492
95925 2 3 1554239 33333 22222 2019040120350015492
97028 2 3 1625176 33333 22222 2019040120350015492
97350 2 3 2286237 33333 22222 2019040120350015492
97707 2 3 2445907 33333 22222 2019040120350015492
97840 2 3 2748439 33333 22222 2019040120350015492
98787 2 3 3184058 33333 22222 2019040120350015492
100991 2 3 3221552 33333 22222 2019040120350015492
101177 2 3 3149716 33333 22222 2019040120350015492
105875 2 3 1364618 33333 22222 2019040120350015493
105899 2 3 769571 33333 22222 2019040120350015493
105926 2 3 919359 33333 22222 2019040120350015493
105939 2 3 1150100 33333 22222 2019040120350015493
107193 2 3 764988 33333 22222 2019040120350015493
107662 2 3 798473 33333 22222 2019040120350015493
108042 2 3 900387 33333 22222 2019040120350015493
108277 2 3 1148430 33333 22222 2019040120350015493
108545 2 3 1406303 33333 22222 2019040120350015493
109023 2 3 1460807 33333 22222 2019040120350015493
109491 2 3 1483284 33333 22222 2019040120350015493
110151 2 3 1414488 33333 22222 2019040120350015493
110872 2 3 995852 33333 22222 2019040120350015493
111404 2 3 811261 33333 22222 2019040120350015493
111884 2 3 774075 33333 22222 2019040120350015493
112404 2 3 751662 33333 22222 2019040120350015493
112457 2 3 800714 33333 22222 2019040120350015493
112657 2 3 1033355 33333 22222 2019040120350015493
113121 2 3 1093277 33333 22222 2019040120350015493
113626 2 3 1329835 33333 22222 2019040120350015493
113709 2 3 1415545 33333 22222 2019040120350015493
114384 2 3 1490191 33333 22222 2019040120350015493
115031 2 3 1481504 33333 22222 2019040120350015493
115740 2 3 1303706 33333 22222 2019040120350015493
115964 2 3 1231056 33333 22222 2019040120350015493
116897 2 3 927032 33333 22222 2019040120350015493
117285 2 3 858644 33333 22222 2019040120350015493
117951 2 3 745575 33333 22222 2019040120350015493
118044 2 3 760645 33333 22222 2019040120350015493
118459 2 3 1026468 33333 22222 2019040120350015493
118770 2 3 1083310 33333 22222 2019040120350015493
119072 2 3 1214612 33333 22222 2019040120350015493
119428 2 3 1409941 33333 22222 2019040120350015493
120112 2 3 1478481 33333 22222 2019040120350015493
120723 2 3 1453469 33333 22222 2019040120350015493
122791 2 3 1471492 33333 22222 2019040120350015494
122827 2 3 1224812 33333 22222 2019040120350015494
122861 2 3 2206063 33333 22222 2019040120350015494
122908 2 3 1857600 33333 22222 2019040120350015494
124112 2 3 1221292 33333 22222 2019040120350015494
124300 2 3 1273837 33333 22222 2019040120350015494
124758 2 3 1436402 33333 22222 2019040120350015494
124934 2 3 1843106 33333 22222 2019040120350015494
125445 2 3 2262259 33333 22222 2019040120350015494
125763 2 3 2360983 33333 22222 2019040120350015494
126204 2 3 2399500 33333 22222 2019040120350015494
126860 2 3 2287563 33333 22222 2019040120350015494
127577 2 3 1597741 33333 22222 2019040120350015494
128080 2 3 1290587 33333 22222 2019040120350015494
128580 2 3 1231202 33333 22222 2019040120350015494
128885 2 3 1196740 33333 22222 2019040120350015494
129330 2 3 1276504 33333 22222 2019040120350015494
129435 2 3 1650868 33333 22222 2019040120350015494
129857 2 3 1749338 33333 22222 2019040120350015494
130125 2 3 2135089 33333 22222 2019040120350015494
130592 2 3 2274161 33333 22222 2019040120350015494
131098 2 3 2409879 33333 22222 2019040120350015494
131569 2 3 2394147 33333 22222 2019040120350015494
132321 2 3 2107169 33333 22222 2019040120350015494
132776 2 3 1992048 33333 22222 2019040120350015494
133418 2 3 1485616 33333 22222 2019040120350015494
133969 2 3 1370133 33333 22222 2019040120350015494
134243 2 3 1188588 33333 22222 2019040120350015494
134599 2 3 1213633 33333 22222 2019040120350015494
135000 2 3 1643277 33333 22222 2019040120350015494
135303 2 3 1735271 33333 22222 2019040120350015494
135437 2 3 1947770 33333 22222 2019040120350015494
135790 2 3 2269497 33333 22222 2019040120350015494
136785 2 3 2393497 33333 22222 2019040120350015494
137226 2 3 2350851 33333 22222 2019040120350015494
138953 2 3 1225399 33333 22222 2019040120350015495
138968 2 3 1858173 33333 22222 2019040120350015495
139007 2 3 2206760 33333 22222 2019040120350015495
139039 2 3 1471730 33333 22222 2019040120350015495
140504 2 3 1529129 33333 22222 2019040120350015495
140539 2 3 1436547 33333 22222 2019040120350015495
140558 2 3 1630476 33333 22222 2019040120350015495
140585 2 3 1745068 33333 22222 2019040120350015495
141711 2 3 2400060 33333 22222 2019040120350015495
141756 2 3 2400026 33333 22222 2019040120350015495
141805 2 3 2383253 33333 22222 2019040120350015495
141863 2 3 2355704 33333 22222 2019040120350015495
143055 2 3 1290543 33333 22222 2019040120350015495
143080 2 3 1377560 33333 22222 2019040120350015495
143102 2 3 1231608 33333 22222 2019040120350015495
143180 2 3 1202444 33333 22222 2019040120350015495
145655 2 3 1444410 33333 22222 2019040120350015495
145673 2 3 1651170 33333 22222 2019040120350015495
145692 2 3 1959349 33333 22222 2019040120350015495
145748 2 3 1860878 33333 22222 2019040120350015495
147243 2 3 2410746 33333 22222 2019040120350015495
147490 2 3 2295187 33333 22222 2019040120350015495
147512 2 3 2353051 33333 22222 2019040120350015495
147533 2 3 2107787 33333 22222 2019040120350015495
149454 2 3 1214601 33333 22222 2019040120350015495
149480 2 3 1194136 33333 22222 2019040120350015495
149501 2 3 1188991 33333 22222 2019040120350015495
149538 2 3 1272671 33333 22222 2019040120350015495
150319 2 3 2331880 33333 22222 2019040120350015495
150385 2 3 2136411 33333 22222 2019040120350015495
150426 2 3 2205538 33333 22222 2019040120350015495
150705 2 3 2270685 33333 22222 2019040120350015495
52522 3 1 6967629 33333 22222 2019040120350015491
52811 3 1 6968555 33333 22222 2019040120350015491
52959 3 1 6928347 33333 22222 2019040120350015491
53068 3 1 6950296 33333 22222 2019040120350015491
60270 3 1 6958275 33333 22222 2019040120350015491
60622 3 1 6956736 33333 22222 2019040120350015491
60967 3 1 6958603 33333 22222 2019040120350015491
61033 3 1 6969276 33333 22222 2019040120350015491
67406 3 1 6979388 33333 22222 2019040120350015491
67595 3 1 6940926 33333 22222 2019040120350015491
67654 3 1 6954065 33333 22222 2019040120350015491
67715 3 1 6956518 33333 22222 2019040120350015491
76425 3 1 1559812 33333 22222 2019040120350015492
76456 3 1 1740549 33333 22222 2019040120350015492
76473 3 1 2214450 33333 22222 2019040120350015492
76492 3 1 2740917 33333 22222 2019040120350015492
79250 3 1 1574742 33333 22222 2019040120350015492
79303 3 1 1833385 33333 22222 2019040120350015492
79733 3 1 2126920 33333 22222 2019040120350015492
79993 3 1 2446195 33333 22222 2019040120350015492
81241 3 1 3098272 33333 22222 2019040120350015492
81403 3 1 3240311 33333 22222 2019040120350015492
82325 3 1 3263486 33333 22222 2019040120350015492
82835 3 1 3213002 33333 22222 2019040120350015492
85005 3 1 2564767 33333 22222 2019040120350015492
85050 3 1 2394185 33333 22222 2019040120350015492
86064 3 1 1881520 33333 22222 2019040120350015492
86301 3 1 1743874 33333 22222 2019040120350015492
88530 3 1 1839303 33333 22222 2019040120350015492
88703 3 1 2120725 33333 22222 2019040120350015492
89156 3 1 2603832 33333 22222 2019040120350015492
89207 3 1 2754162 33333 22222 2019040120350015492
90862 3 1 3285818 33333 22222 2019040120350015492
91573 3 1 3284221 33333 22222 2019040120350015492
92129 3 1 3037512 33333 22222 2019040120350015492
92465 3 1 2908082 33333 22222 2019040120350015492
94340 3 1 2390419 33333 22222 2019040120350015492
94881 3 1 2024501 33333 22222 2019040120350015492
95593 3 1 1642911 33333 22222 2019040120350015492
97135 3 1 1726800 33333 22222 2019040120350015492
97301 3 1 1968927 33333 22222 2019040120350015492
97370 3 1 2131205 33333 22222 2019040120350015492
98773 3 1 3102294 33333 22222 2019040120350015492
100404 3 1 3282864 33333 22222 2019040120350015492
100745 3 1 3282436 33333 22222 2019040120350015492
100792 3 1 3282268 33333 22222 2019040120350015492
105869 3 1 1079293 33333 22222 2019040120350015493
105884 3 1 1638490 33333 22222 2019040120350015493
105904 3 1 938361 33333 22222 2019040120350015493
105933 3 1 1356474 33333 22222 2019040120350015493
107340 3 1 941288 33333 22222 2019040120350015493
107443 3 1 1056030 33333 22222 2019040120350015493
107792 3 1 1203328 33333 22222 2019040120350015493
108404 3 1 1365586 33333 22222 2019040120350015493
108841 3 1 1715026 33333 22222 2019040120350015493
109006 3 1 1810631 33333 22222 2019040120350015493
109761 3 1 1859091 33333 22222 2019040120350015493
110415 3 1 1852383 33333 22222 2019040120350015493
111180 3 1 1552628 33333 22222 2019040120350015493
111439 3 1 1458707 33333 22222 2019040120350015493
112273 3 1 1163939 33333 22222 2019040120350015493
112740 3 1 1088406 33333 22222 2019040120350015493
113170 3 1 1064222 33333 22222 2019040120350015493
113477 3 1 1213909 33333 22222 2019040120350015493
113954 3 1 1452656 33333 22222 2019040120350015493
114150 3 1 1539663 33333 22222 2019040120350015493
114651 3 1 1849206 33333 22222 2019040120350015493
115278 3 1 1859650 33333 22222 2019040120350015493
116000 3 1 1777520 33333 22222 2019040120350015493
116258 3 1 1718146 33333 22222 2019040120350015493
117012 3 1 1453878 33333 22222 2019040120350015493
117541 3 1 1254306 33333 22222 2019040120350015493
118104 3 1 1020917 33333 22222 2019040120350015493
118356 3 1 1000473 33333 22222 2019040120350015493
118815 3 1 1126428 33333 22222 2019040120350015493
119136 3 1 1200999 33333 22222 2019040120350015493
119519 3 1 1719566 33333 22222 2019040120350015493
119677 3 1 1840548 33333 22222 2019040120350015493
120419 3 1 1850501 33333 22222 2019040120350015493
120694 3 1 1866339 33333 22222 2019040120350015493
122795 3 1 2650936 33333 22222 2019040120350015494
122893 3 1 1719166 33333 22222 2019040120350015494
122927 3 1 1495938 33333 22222 2019040120350015494
122940 3 1 2185126 33333 22222 2019040120350015494
124056 3 1 1500362 33333 22222 2019040120350015494
124157 3 1 1683945 33333 22222 2019040120350015494
124650 3 1 1924813 33333 22222 2019040120350015494
124825 3 1 2193037 33333 22222 2019040120350015494
125556 3 1 2757427 33333 22222 2019040120350015494
125739 3 1 2921423 33333 22222 2019040120350015494
126260 3 1 3004595 33333 22222 2019040120350015494
126585 3 1 2998947 33333 22222 2019040120350015494
127566 3 1 2508917 33333 22222 2019040120350015494
128055 3 1 2352483 33333 22222 2019040120350015494
128461 3 1 1867769 33333 22222 2019040120350015494
128795 3 1 1734532 33333 22222 2019040120350015494
129440 3 1 1695630 33333 22222 2019040120350015494
129931 3 1 1939808 33333 22222 2019040120350015494
130065 3 1 2328830 33333 22222 2019040120350015494
130193 3 1 2469500 33333 22222 2019040120350015494
130772 3 1 2984875 33333 22222 2019040120350015494
131454 3 1 3005676 33333 22222 2019040120350015494
131927 3 1 2874713 33333 22222 2019040120350015494
132182 3 1 2782773 33333 22222 2019040120350015494
132974 3 1 2348606 33333 22222 2019040120350015494
133719 3 1 2016580 33333 22222 2019040120350015494
134167 3 1 1625769 33333 22222 2019040120350015494
134364 3 1 1596162 33333 22222 2019040120350015494
134673 3 1 1799733 33333 22222 2019040120350015494
135319 3 1 1924188 33333 22222 2019040120350015494
135355 3 1 2765197 33333 22222 2019040120350015494
135702 3 1 2971512 33333 22222 2019040120350015494
136273 3 1 2991172 33333 22222 2019040120350015494
136801 3 1 3015323 33333 22222 2019040120350015494
138956 3 1 2651923 33333 22222 2019040120350015495
139002 3 1 1496061 33333 22222 2019040120350015495
139040 3 1 1719886 33333 22222 2019040120350015495
139062 3 1 2186173 33333 22222 2019040120350015495
140179 3 1 1500485 33333 22222 2019040120350015495
140336 3 1 1527988 33333 22222 2019040120350015495
140357 3 1 1595772 33333 22222 2019040120350015495
140393 3 1 1684641 33333 22222 2019040120350015495
141416 3 1 2758731 33333 22222 2019040120350015495
141525 3 1 2962782 33333 22222 2019040120350015495
141572 3 1 2867129 33333 22222 2019040120350015495
141642 3 1 2921351 33333 22222 2019040120350015495
142916 3 1 2353201 33333 22222 2019040120350015495
142953 3 1 2188866 33333 22222 2019040120350015495
143002 3 1 1868843 33333 22222 2019040120350015495
143045 3 1 2020129 33333 22222 2019040120350015495
145650 3 1 2202731 33333 22222 2019040120350015495
145741 3 1 2582078 33333 22222 2019040120350015495
145790 3 1 2682921 33333 22222 2019040120350015495
145815 3 1 1940261 33333 22222 2019040120350015495
147235 3 1 3007052 33333 22222 2019040120350015495
147345 3 1 3005751 33333 22222 2019040120350015495
147372 3 1 2784075 33333 22222 2019040120350015495
147417 3 1 2510388 33333 22222 2019040120350015495
149297 3 1 1715716 33333 22222 2019040120350015495
149443 3 1 1625955 33333 22222 2019040120350015495
149466 3 1 1546842 33333 22222 2019040120350015495
149851 3 1 2067801 33333 22222 2019040120350015495
150116 3 1 2326470 33333 22222 2019040120350015495
150315 3 1 2447592 33333 22222 2019040120350015495
150373 3 1 2569840 33333 22222 2019040120350015495
150727 3 1 2973144 33333 22222 2019040120350015495
52555 3 2 6954388 33333 22222 2019040120350015491
52669 3 2 6962500 33333 22222 2019040120350015491
52879 3 2 6951577 33333 22222 2019040120350015491
53096 3 2 6978897 33333 22222 2019040120350015491
61435 3 2 6961104 33333 22222 2019040120350015491
61549 3 2 6960995 33333 22222 2019040120350015491
61645 3 2 6964928 33333 22222 2019040120350015491
62011 3 2 6969759 33333 22222 2019040120350015491
71274 3 2 6947116 33333 22222 2019040120350015491
71359 3 2 6960550 33333 22222 2019040120350015491
71687 3 2 6963507 33333 22222 2019040120350015491
71761 3 2 6967968 33333 22222 2019040120350015491
76448 3 2 3046144 33333 22222 2019040120350015492
76690 3 2 1637819 33333 22222 2019040120350015492
76721 3 2 2577584 33333 22222 2019040120350015492
76768 3 2 2032253 33333 22222 2019040120350015492
79994 3 2 2270384 33333 22222 2019040120350015492
80195 3 2 2749278 33333 22222 2019040120350015492
80737 3 2 2887053 33333 22222 2019040120350015492
81231 3 2 3003925 33333 22222 2019040120350015492
82891 3 2 3149587 33333 22222 2019040120350015492
83785 3 2 2903157 33333 22222 2019040120350015492
84941 3 2 2745701 33333 22222 2019040120350015492
85243 3 2 2207288 33333 22222 2019040120350015492
87429 3 2 1564316 33333 22222 2019040120350015492
87787 3 2 1630059 33333 22222 2019040120350015492
88623 3 2 1976629 33333 22222 2019040120350015492
89160 3 2 2880047 33333 22222 2019040120350015492
90123 3 2 3103903 33333 22222 2019040120350015492
90703 3 2 3232745 33333 22222 2019040120350015492
91833 3 2 3134305 33333 22222 2019040120350015492
94888 3 2 2195017 33333 22222 2019040120350015492
95697 3 2 1579490 33333 22222 2019040120350015492
96365 3 2 1578411 33333 22222 2019040120350015492
97193 3 2 1840223 33333 22222 2019040120350015492
97790 3 2 2608224 33333 22222 2019040120350015492
97893 3 2 2880590 33333 22222 2019040120350015492
98558 3 2 3014067 33333 22222 2019040120350015492
99733 3 2 3248612 33333 22222 2019040120350015492
105884 3 2 1256108 33333 22222 2019040120350015493
105922 3 2 1789284 33333 22222 2019040120350015493
106008 3 2 1014073 33333 22222 2019040120350015493
106016 3 2 1553309 33333 22222 2019040120350015493
107587 3 2 1279936 33333 22222 2019040120350015493
108246 3 2 1521077 33333 22222 2019040120350015493
108615 3 2 1597411 33333 22222 2019040120350015493
108934 3 2 1661869 33333 22222 2019040120350015493
109871 3 2 1826339 33333 22222 2019040120350015493
110615 3 2 1715146 33333 22222 2019040120350015493
111334 3 2 1648951 33333 22222 2019040120350015493
111551 3 2 1358192 33333 22222 2019040120350015493
112682 3 2 950911 33333 22222 2019040120350015493
113473 3 2 969708 33333 22222 2019040120350015493
113694 3 2 1133549 33333 22222 2019040120350015493
113803 3 2 1608507 33333 22222 2019040120350015493
114355 3 2 1732982 33333 22222 2019040120350015493
115153 3 2 1814034 33333 22222 2019040120350015493
115675 3 2 1818115 33333 22222 2019040120350015493
116513 3 2 1344620 33333 22222 2019040120350015493
117043 3 2 969736 33333 22222 2019040120350015493
117914 3 2 939887 33333 22222 2019040120350015493
118375 3 2 1056762 33333 22222 2019040120350015493
118679 3 2 1447806 33333 22222 2019040120350015493
118744 3 2 1597961 33333 22222 2019040120350015493
119421 3 2 1665887 33333 22222 2019040120350015493
120164 3 2 1812957 33333 22222 2019040120350015493
122789 3 2 2505396 33333 22222 2019040120350015494
122841 3 2 2892946 33333 22222 2019040120350015494
122874 3 2 1616374 33333 22222 2019040120350015494
122897 3 2 2017690 33333 22222 2019040120350015494
124465 3 2 2051213 33333 22222 2019040120350015494
124955 3 2 2443843 33333 22222 2019040120350015494
125171 3 2 2566942 33333 22222 2019040120350015494
125499 3 2 2672617 33333 22222 2019040120350015494
126446 3 2 2956621 33333 22222 2019040120350015494
127225 3 2 2777734 33333 22222 2019040120350015494
127678 3 2 2665183 33333 22222 2019040120350015494
128122 3 2 2187759 33333 22222 2019040120350015494
129069 3 2 1512119 33333 22222 2019040120350015494
129667 3 2 1544645 33333 22222 2019040120350015494
130074 3 2 1808675 33333 22222 2019040120350015494
130407 3 2 2581582 33333 22222 2019040120350015494
130612 3 2 2784465 33333 22222 2019040120350015494
131154 3 2 2922469 33333 22222 2019040120350015494
131886 3 2 2941503 33333 22222 2019040120350015494
132741 3 2 2166519 33333 22222 2019040120350015494
133557 3 2 1546294 33333 22222 2019040120350015494
133866 3 2 1500809 33333 22222 2019040120350015494
134338 3 2 1687439 33333 22222 2019040120350015494
134940 3 2 2325447 33333 22222 2019040120350015494
135017 3 2 2568319 33333 22222 2019040120350015494
135213 3 2 2676990 33333 22222 2019040120350015494
136174 3 2 2924392 33333 22222 2019040120350015494
138966 3 2 2018779 33333 22222 2019040120350015495
139041 3 2 2894085 33333 22222 2019040120350015495
139101 3 2 1617197 33333 22222 2019040120350015495
139115 3 2 2506735 33333 22222 2019040120350015495
140621 3 2 2444545 33333 22222 2019040120350015495
140647 3 2 2673872 33333 22222 2019040120350015495
140676 3 2 2320803 33333 22222 2019040120350015495
140704 3 2 2568126 33333 22222 2019040120350015495
142006 3 2 2779135 33333 22222 2019040120350015495
142054 3 2 2874620 33333 22222 2019040120350015495
142089 3 2 2666107 33333 22222 2019040120350015495
142141 3 2 2509790 33333 22222 2019040120350015495
143501 3 2 1544918 33333 22222 2019040120350015495
143525 3 2 1503258 33333 22222 2019040120350015495
143552 3 2 1609158 33333 22222 2019040120350015495
143581 3 2 1696374 33333 22222 2019040120350015495
146308 3 2 2924297 33333 22222 2019040120350015495
146358 3 2 2856554 33333 22222 2019040120350015495
146388 3 2 2785719 33333 22222 2019040120350015495
146443 3 2 2985848 33333 22222 2019040120350015495
148339 3 2 2349827 33333 22222 2019040120350015495
148522 3 2 2167147 33333 22222 2019040120350015495
148583 3 2 1866647 33333 22222 2019040120350015495
148611 3 2 2017034 33333 22222 2019040120350015495
149726 3 2 1688684 33333 22222 2019040120350015495
149841 3 2 1925066 33333 22222 2019040120350015495
149881 3 2 2186166 33333 22222 2019040120350015495
149908 3 2 1800649 33333 22222 2019040120350015495
150736 3 2 2996042 33333 22222 2019040120350015495
150798 3 2 3016500 33333 22222 2019040120350015495
150840 3 2 2992458 33333 22222 2019040120350015495
150887 3 2 2950020 33333 22222 2019040120350015495
