3 200
1 49010 2 3 1 1 1 6.69 6.67
2 49232 2 3 1 1 1 6.67 6.66
3 49377 2 3 1 1 1 6.69 6.65
4 49554 2 3 1 1 1 6.68 6.66
5 55603 2 3 1 1 1 6.68 6.67
6 55714 2 3 1 1 1 6.68 6.67
7 55783 2 3 1 1 1 6.69 6.65
8 55846 2 3 1 1 1 6.68 6.65
9 62448 2 3 1 1 1 6.68 6.66
10 62520 2 3 1 1 1 6.7 6.65
11 62586 2 3 1 1 1 6.66 6.66
12 62676 2 3 1 1 1 6.68 6.66
13 49040 2 3 2 1 2 6.67 6.66
14 49179 2 3 2 1 2 6.67 6.65
15 49269 2 3 2 1 2 6.68 6.65
16 49424 2 3 2 1 2 6.7 6.66
17 57924 2 3 2 1 2 6.68 6.67
18 58018 2 3 2 1 2 6.68 6.66
19 58407 2 3 2 1 2 6.69 6.66
20 58481 2 3 2 1 2 6.69 6.67
21 65826 2 3 2 1 2 6.69 6.65
22 65896 2 3 2 1 2 6.7 6.67
23 66948 2 3 2 1 2 6.68 6.67
24 67023 2 3 2 1 2 6.68 6.67
25 48976 2 2 1 1 3 6.64 6.66
26 49247 2 2 1 1 3 6.67 6.67
27 49340 2 2 1 1 3 6.64 6.67
28 49454 2 2 1 1 3 6.65 6.66
29 55160 2 2 1 1 3 6.66 6.67
30 55272 2 2 1 1 3 6.66 6.67
31 55697 2 2 1 1 3 6.66 6.67
32 55765 2 2 1 1 3 6.67 6.67
33 61100 2 2 1 1 3 6.66 6.65
34 61160 2 2 1 1 3 6.66 6.67
35 61220 2 2 1 1 3 6.67 6.68
36 61294 2 2 1 1 3 6.67 6.67
37 72196 2 3 1 1 1 6.32 6.33
38 72308 2 3 1 1 1 6.3 6.31
39 72461 2 3 1 1 1 6.29 6.32
40 72547 2 3 1 1 1 6.31 6.3
41 79046 2 3 1 1 1 6.32 6.32
42 79162 2 3 1 1 1 6.31 6.32
43 79267 2 3 1 1 1 6.3 6.32
44 79433 2 3 1 1 1 6.31 6.31
45 87069 2 3 1 1 1 6.3 6.31
46 87131 2 3 1 1 1 6.32 6.3
47 87233 2 3 1 1 1 6.31 6.31
48 87304 2 3 1 1 1 6.31 6.3
49 109436 2 3 1 1 1 6.31 6.31
50 109688 2 3 1 1 1 6.3 6.31
51 109763 2 3 1 1 1 6.31 6.33
52 109839 2 3 1 1 1 6.29 6.32
53 135729 2 3 1 1 1 6.31 6.32
54 72201 2 3 2 1 2 6.31 6.3
55 72325 2 3 2 1 2 6.31 6.3
56 72533 2 3 2 1 2 6.32 6.31
57 72723 2 3 2 1 2 6.3 6.31
58 79747 2 3 2 1 2 6.32 6.3
59 79834 2 3 2 1 2 6.32 6.31
60 79924 2 3 2 1 2 6.32 6.29
61 80241 2 3 2 1 2 6.3 6.29
62 87976 2 3 2 1 2 6.31 6.3
63 88143 2 3 2 1 2 6.31 6.3
64 88544 2 3 2 1 2 6.31 6.3
65 88865 2 3 2 1 2 6.3 6.31
66 102597 2 3 2 1 2 6.32 6.29
67 109314 2 3 2 1 2 6.31 6.3
68 123877 2 3 2 1 2 6.32 6.31
69 124229 2 3 2 1 2 6.3 6.29
70 129735 2 3 2 1 2 6.31 6.3
71 135582 2 3 2 1 2 6.31 6.31
72 135691 2 3 2 1 2 6.32 6.29
73 72201 2 2 1 1 3 6.31 6.31
74 72311 2 2 1 1 3 6.31 6.31
75 72395 2 2 1 1 3 6.31 6.32
76 72489 2 2 1 1 3 6.31 6.31
77 79289 2 2 1 1 3 6.31 6.32
78 79380 2 2 1 1 3 6.32 6.29
79 79489 2 2 1 1 3 6.3 6.31
80 79585 2 2 1 1 3 6.31 6.3
81 89110 2 2 1 1 3 6.3 6.3
82 89232 2 2 1 1 3 6.3 6.31
83 89316 2 2 1 1 3 6.31 6.29
84 89374 2 2 1 1 3 6.31 6.31
85 101707 2 2 1 1 3 6.31 6.3
86 109472 2 2 1 1 3 6.31 6.31
87 109743 2 2 1 1 3 6.31 6.31
88 123556 2 2 1 1 3 6.31 6.32
89 123631 2 2 1 1 3 6.32 6.29
90 123720 2 2 1 1 3 6.3 6.31
91 130104 2 2 1 1 3 6.3 6.3
92 132574 2 2 1 1 3 6.3 6.31
93 97137 2 3 1 1 1 2.63 2.64
94 97366 2 3 1 1 1 2.63 2.64
95 97446 2 3 1 1 1 2.63 2.63
96 97470 2 3 1 1 1 2.63 2.63
97 101609 2 3 1 1 1 2.63 2.63
98 101756 2 3 1 1 1 2.63 2.63
99 102018 2 3 1 1 1 2.63 2.63
100 102137 2 3 1 1 1 2.63 2.63
101 106058 2 3 1 1 1 2.63 2.63
102 112096 2 3 1 1 1 2.63 2.63
103 112120 2 3 1 1 1 2.63 2.63
104 112147 2 3 1 1 1 2.63 2.63
105 112170 2 3 1 1 1 2.63 2.63
106 97161 2 3 2 1 2 2.63 2.63
107 97197 2 3 2 1 2 2.63 2.64
108 97221 2 3 2 1 2 2.64 2.62
109 97244 2 3 2 1 2 2.63 2.63
110 102690 2 3 2 1 2 2.63 2.63
111 102776 2 3 2 1 2 2.63 2.63
112 102813 2 3 2 1 2 2.63 2.63
113 106381 2 3 2 1 2 2.63 2.63
114 108918 2 3 2 1 2 2.63 2.63
115 109174 2 3 2 1 2 2.62 2.63
116 111910 2 3 2 1 2 2.63 2.63
117 97141 2 2 1 1 3 2.63 2.63
118 97255 2 2 1 1 3 2.63 2.63
119 97282 2 2 1 1 3 2.63 2.63
120 97311 2 2 1 1 3 2.63 2.63
121 101287 2 2 1 1 3 2.63 2.63
122 101811 2 2 1 1 3 2.63 2.63
123 101836 2 2 1 1 3 2.63 2.63
124 104134 2 2 1 1 3 2.63 2.63
125 105670 2 2 1 1 3 2.63 2.63
126 106072 2 2 1 1 3 2.63 2.63
127 111304 2 2 1 1 3 2.63 2.64
128 111524 2 2 1 1 3 2.64 2.63
129 118924 2 3 1 1 1 4.0 3.67
130 119000 2 3 1 1 1 4.0 3.67
131 119080 2 3 1 1 1 4.0 3.67
132 119163 2 3 1 1 1 4.0 3.67
133 123245 2 3 1 1 1 4.01 3.67
134 123431 2 3 1 1 1 4.0 3.67
135 123503 2 3 1 1 1 4.0 3.67
136 123576 2 3 1 1 1 4.0 3.67
137 128514 2 3 1 1 1 4.0 3.67
138 128796 2 3 1 1 1 4.0 3.67
139 137291 2 3 1 1 1 4.01 3.67
140 118933 2 3 2 1 2 4.0 4.34
141 119020 2 3 2 1 2 4.01 4.33
142 119092 2 3 2 1 2 4.01 4.33
143 119167 2 3 2 1 2 4.0 4.34
144 123944 2 3 2 1 2 4.0 4.34
145 124530 2 3 2 1 2 4.0 4.34
146 126575 2 3 2 1 2 4.01 4.33
147 126840 2 3 2 1 2 4.0 4.34
148 128218 2 3 2 1 2 4.0 4.34
149 134741 2 3 2 1 2 4.01 4.33
150 135510 2 3 2 1 2 3.99 4.34
151 138173 2 3 2 1 2 4.0 4.34
152 138211 2 3 2 1 2 4.0 4.34
153 118939 2 2 1 1 3 4.34 3.67
154 119005 2 2 1 1 3 4.34 3.67
155 119073 2 2 1 1 3 4.34 3.68
156 119146 2 2 1 1 3 4.34 3.67
157 123793 2 2 1 1 3 4.34 3.67
158 125908 2 2 1 1 3 4.33 3.66
159 125992 2 2 1 1 3 4.34 3.66
160 126093 2 2 1 1 3 4.34 3.67
161 132441 2 2 1 1 3 4.33 3.67
162 132914 2 2 1 1 3 4.34 3.67
163 132958 2 2 1 1 3 4.33 3.67
164 135061 2 2 1 1 3 4.34 3.67
165 143487 2 3 1 1 1 4.0 4.34
166 143531 2 3 1 1 1 4.0 4.34
167 143648 2 3 1 1 1 4.0 4.34
168 143751 2 3 1 1 1 4.01 4.35
169 144420 2 3 1 1 1 4.0 4.34
170 144589 2 3 1 1 1 4.01 4.34
171 144690 2 3 1 1 1 4.0 4.33
172 144835 2 3 1 1 1 4.0 4.34
173 145100 2 3 1 1 1 4.0 4.34
174 145169 2 3 1 1 1 4.0 4.34
175 145478 2 3 1 1 1 4.01 4.33
176 145562 2 3 1 1 1 4.0 4.33
177 143504 2 3 2 1 2 4.01 3.67
178 143539 2 3 2 1 2 4.0 3.67
179 143636 2 3 2 1 2 4.01 3.68
180 143715 2 3 2 1 2 4.0 3.66
181 144572 2 3 2 1 2 4.01 3.68
182 144650 2 3 2 1 2 4.01 3.66
183 144760 2 3 2 1 2 4.0 3.67
184 144808 2 3 2 1 2 4.01 3.67
185 145451 2 3 2 1 2 4.0 3.67
186 145604 2 3 2 1 2 3.99 3.67
187 145680 2 3 2 1 2 4.0 3.67
188 145733 2 3 2 1 2 4.0 3.67
189 143602 2 2 1 1 3 3.67 4.34
190 143670 2 2 1 1 3 3.67 4.34
191 143756 2 2 1 1 3 3.68 4.33
192 143840 2 2 1 1 3 3.67 4.33
193 144539 2 2 1 1 3 3.66 4.34
194 144593 2 2 1 1 3 3.67 4.33
195 144640 2 2 1 1 3 3.67 4.34
196 144707 2 2 1 1 3 3.68 4.33
197 145309 2 2 1 1 3 3.67 4.33
198 145372 2 2 1 1 3 3.67 4.34
199 145444 2 2 1 1 3 3.68 4.33
200 145679 2 2 1 1 3 3.67 4.33
